Exercise 11.1.7

Eigenvalue 1: 7.872983346207416
Eigenvector 1: [0.19382266 0.47224729 0.8598926 ]
The newly constructed matrix is 
[[ 0.70423389  0.27936833 -0.31216389]
 [ 0.27936833  0.24418694 -0.19707639]
 [-0.31216389 -0.19707639  0.17859583]]

Eigenvalue 2: 1.0
Eigenvector 2: [ 0.81649658  0.40824829 -0.40824829]
The newly constructed matrix is 
[[ 0.03756722 -0.053965    0.02116944]
 [-0.053965    0.07752028 -0.03040973]
 [ 0.02116944 -0.03040973  0.01192916]]

Eigenvalue 3: 0.12701665379258315
Eigenvector 3: [ 0.54384383 -0.78122714  0.30646053]
-----------------------------------------------
Exercise 11.3.1

(a)
M^T M =
[[36 37 38]
 [37 49 61]
 [38 61 84]],
M M^T =
[[14 26 22 16 22]
 [26 50 46 28 40]
 [22 46 50 20 32]
 [16 28 20 20 26]
 [22 40 32 26 35]]

(b)
Eigenpairs of M^T M:

Eigenvalue: 153.56699645995903
Eigenvector: [-0.40928285 -0.56345932 -0.7176358 ]

Eigenvalue: 15.433003540040923
Eigenvector: [-0.81597848 -0.12588456  0.56420935]

Eigenpairs of M M^T:

Eigenvalue: 153.56699645995909
Eigenvector: [0.29769568 0.57050856 0.52074297 0.32257847 0.45898491]

Eigenvalue: 15.433003540040925
Eigenvector: [-0.15906393  0.0332003   0.73585663 -0.5103921  -0.41425998]

(c)
The (compact) SVD for the original matrix M:

U =
[[ 0.29769568 -0.15906393]
 [ 0.57050856  0.0332003 ]
 [ 0.52074297  0.73585663]
 [ 0.32257847 -0.5103921 ]
 [ 0.45898491 -0.41425998]],
Sigma =
[[12.39221516  0.        ]
 [ 0.          3.92848616]],
V^T =
[[ 0.40928285  0.56345932  0.7176358 ]
 [ 0.81597848  0.12588456 -0.56420935]]

(d)
The one-dimensional approximation is
[[1.509889   2.0786628  2.64743661]
 [2.89357443 3.98358126 5.0735881 ]
 [2.64116728 3.63609257 4.63101787]
 [1.63609257 2.25240715 2.86872172]
 [2.32793529 3.20486638 4.08179747]]

(e)
The ratio of retained energy is
 0.9086804524257934
